[Overlay]

color_b = 0.141176
color_g = 0.105882
color_r = 0.878431
position = top_left
